2
6
2.19 0.37 0.24 0.42 0.10 0.38
0.37 1.99 0.26 0.18 0.38 0.97
0.24 0.26 2.01 0.36 0.35 0.34
0.42 0.18 0.36 1.95 0.38 0.21
0.10 0.38 0.35 0.38 1.97 0.16
0.38 0.97 0.34 0.21 0.16 2.18
2.29 0.17 0.35 0.38 0.19 0.28
0.17 1.99 0.34 0.21 0.38 0.97
0.35 0.34 2.12 0.17 0.23 0.31
0.38 0.21 0.17 1.95 0.11 0.29
0.19 0.38 0.23 0.11 2.11 0.16
0.28 0.97 0.31 0.29 0.16 2.01