2
4
2.19 0.37 0.24 0.42 
0.37 1.99 0.26 0.18 
0.24 0.26 2.01 0.36 
0.42 0.18 0.36 1.95 
2.10 0.38 0.35 0.38 
0.38 1.97 0.34 0.21 
0.35 0.34 2.12 0.17 
0.38 0.21 0.17 1.95 